10000:
200206
523108
10024:
2529292
2161379
2027932
1611053
10102:
1447132
2646238
2399471
845683
10179:
2463238
2350111
813592
584352
10228:
2096960
10262:
1744174
2443863
275652
10363:
964513
1240070
2029158
736125
1037:
906093
986502
1106398
399343
10396:
1734772
2212628
1267632
769527
10412:
2510179
227827
210175
213420
10458:
46553
1643336
40491
2036346
10499:
1035650
624633
10539:
279313
41695
1601254
1141479
10590:
1662120
10689:
1970512
1426178
2153840
1376602
10769:
1083674
1951709
1787523
2393141
10858:
193557
1890809
2544226
10872:
2428126
1328723
289989
1851033
10885:
623234
922438
1390933
1160232
1096:
670146
1838965
51024
568078
11012:
1327571
1489820
2556349
2058381
11039:
659547
762324
399488
179880
11048:
2550423
1892937
68469
332608
1109:
450290
585358
459652
1454496
11202:
1712732
39533
1900409
414941
11250:
376666
2403216
598647
409883
11262:
2181205
66263
2390399
383567
11308:
96764
1907733
901720
2058438
1131:
2488782
2316533
2388103
11389:
552291
355120
60284
210548
1142:
2156988
1465208
101442
1622353
11473:
376332
921549
1671860
647670
11506:
2388118
11582:
2466888
583236
23908
278990
11608:
915193
1159537
1177345
1563783
11613:
470781
1652556
1407536
1648306
11669:
118188
1001484
565873
246845
11672:
2485601
567198
2299517
1575324
11705:
1788730
648909
284399
1149800
11708:
1320587
11735:
1827600
2457027
1124875
6736
11831:
1479578
2379533
474868
2131047
11854:
2498924
355496
1695078
2152004
11873:
1104869
11904:
707326
2382189
2161658
2499041
11945:
866081
11965:
1672756
2610272
2244199
1562350
11969:
16397
993358
1982147
1661866
11994:
2371802
2079603
553265
1583998
11996:
1328500
883934
12022:
2102706
2169264
427693
173155
1203:
1152870
2552024
879912
1959764
12097:
1165112
1104869
8669
2583969
12151:
2333894
1635819
12190:
2386664
1917746
1866413
12234:
2558730
1147681
2378887
1917839
12238:
591151
1276
1561302
1278368
12252:
1551313
1450941
738390
775321
12261:
261639
508019
105799
1239755
12283:
2049726
2588741
2187426
901154
12349:
1363781
1977128
1088812
1605736
1237:
285550
1103112
1030685
1313367
12381:
2261474
1276404
2006344
2124852
12391:
1509360
2102706
170354
165595
12403:
235907
235457
12437:
1170340
2234251
2371971
2004147
12493:
606679
738649
1498429
2480750
1250:
1801905
1758379
418377
1533810
12535:
273476
12574:
2611343
924910
1074143
322781
12579:
607179
1324079
12682:
1627614
1313149
12694:
971776
2642431
1881612
1122018
12754:
785479
1013959
2094929
2026560
12766:
445075
2016942
2586070
710502
12780:
1639157
1249820
6040
1642466
12815:
2353004
493689
248239
1001856
12817:
1618799
1125849
12865:
1832139
12949:
524808
1435721
2018908
1802979
12979:
1183860
1794595
2451032
1741667
12993:
1732302
346873
2081338
13027:
309959
2412822
2572983
2403154
13064:
642526
530020
581988
13118:
1978271
2366596
435639
1669437
1315:
612886
2118665
1530932
1888873
13165:
2138170
2434720
13186:
1521609
2043124
1514124
1579673
13211:
1183839
2107839
2031273
1907195
13212:
1783871
975408
2530642
79520
13239:
752982
1394755
733332
13320:
845258
93218
1521436
371264
13338:
2406400
1859530
251216
444411
13343:
2073066
1552481
2609879
884216
13568:
153693
1836216
934188
474054
13593:
60238
1663900
984200
1923999
13618:
2154449
2390507
13642:
254049
1201884
588484
416384
13665:
174822
577224
1933983
1427114
13671:
90565
2004287
1086501
2051806
13674:
1939450
405248
2573994
2456457
13675:
2085981
397731
652865
1435067
13727:
773005
1329027
13825:
2384985
123852
425995
608443
13842:
313881
29827
1583337
1881705
13897:
1796878
170988
854398
452438
13915:
1046635
2053025
13980:
226733
2142447
14063:
1329712
252243
1531682
1980512
14077:
1387857
14181:
476297
2273966
1929901
2222562
14235:
1054790
2608976
1051922
1071277
14267:
814604
1310195
1523087
14414:
371143
591036
2498939
1118783
14503:
2349533
309374
1537501
14593:
1452991
1848403
2045741
2555341
14643:
805103
644381
1117918
2119771
147:
2543812
14741:
1553119
2095765
2185761
2478187
14749:
1195616
1951207
2206837
2372586
14783:
398239
14879:
2554267
2067029
1475417
700118
14915:
2596201
294270
2253561
351549
14969:
906574
2631426
15000:
2022958
2007973
118871
1391022
15008:
2043775
1697510
445961
185893
1509:
454953
2137713
559779
68574
15110:
1009966
2387442
1290483
1570336
15115:
761026
652469
15125:
949560
2287550
1132073
1102662
15162:
783302
1482473
1477850
1988666
15163:
1184037
973213
2203612
1363779
15177:
1413347
122622
1579299
162074
15244:
2151365
2049697
1382057
1046596
15296:
2541091
744479
2637388
734771
15312:
1224891
15326:
1796163
15361:
1287913
695593
1287614
514520
15363:
1235099
2277522
1813694
1787603
15365:
2523359
1635839
150755
2115908
154:
1708366
387714
1671860
626120
15409:
2069818
2059520
1387869
989130
15484:
2403900
144873
1314438
1263939
15567:
1011927
604480
488494
994242
15568:
1678865
1478134
770798
2112446
15626:
1388245
500370
497323
1787414
15629:
2399274
726053
1956058
1202890
15638:
1507727
2571305
15672:
2234687
1901084
313909
1568:
1197818
1550211
2216404
1731602
15734:
1458083
1577:
467409
1380693
2315725
1972752
15773:
1198824
1926198
2453799
281040
15792:
1114824
2489594
1730835
827420
15803:
2554973
168895
1821025
2019116
15854:
508040
2641871
1333904
1569226
15865:
4334
641242
2022830
2579982
15906:
200822
1498815
91588
2342838
1595:
1547087
2011954
764599
2345111
16011:
1339156
803868
2001558
222982
16032:
1003694
339101
158659
16037:
1465963
2465738
2244658
586898
16041:
1060477
1532976
168933
9630
16042:
2287062
957493
655638
2641098
16054:
1070077
1493604
16057:
1806433
1768537
1714427
2220369
16059:
1845687
1028701
11697
1400980
16087:
1434120
215683
2254600
2307765
16117:
2588645
1438600
1613:
68833
72440
2283348
2090568
16208:
63684
1584586
454463
1119165
16233:
1383694
793258
2058764
1656821
16290:
1715970
16337:
1438426
223193
1577040
2028914
16374:
1827281
529379
1905177
1698126
16528:
1500916
1785148
16579:
1336814
1505825
1956544
1190068
16709:
1255014
1634668
2153053
574068
16749:
1543633
411537
897700
730529
16760:
406867
402789
2087395
815539
16762:
2239778
1222994
16819:
307669
709848
16825:
569187
1388925
2009901
1503269
16833:
1194064
1941973
348611
789026
16857:
1894362
1147342
699550
1988419
16873:
2427575
918105
1009568
1398928
16926:
814777
818752
1035912
2133253
16935:
1236423
982951
1570744
1071305
16943:
1526199
2024463
1404968
661484
17025:
1357920
835968
1900216
1025943
17069:
288282
747943
17195:
28443
848319
23952
2067491
17280:
331079
1126059
823649
2067108
17347:
1312048
299768
1088976
1644205
17356:
185045
1338824
538610
17374:
1582811
123231
1788708
19441
17386:
1027090
1128809
1695718
2178181
17448:
467604
2052673
930994
313426
17451:
1284491
347539
17455:
1140048
1444666
1393498
618533
17469:
188425
397036
707774
1303985
17527:
2544801
320474
1710563
1836807
17561:
2528799
1400093
2385159
1252808
17593:
74659
1472571
2151938
468254
17594:
1945571
2597653
2443823
60171
17637:
1876689
666633
1764:
1547800
2398969
17685:
310715
860246
200525
2145744
17728:
1324890
17756:
1893569
960953
2157701
338723
1781:
1703008
2453015
2252900
796392
1858:
1675240
1929:
1919329
1924829
1974869
1922072
1954:
2590630
90620
2385412
184705
1989:
1798632
560062
2425368
2093403
2021:
2143500
2057:
1857138
1109357
1467564
1087778
2150:
2057604
465154
804663
2040442
2189:
1630669
2040571
506155
1284517
2196:
425184
2395334
1805277
2646016
2211:
1451756
1500458
2316223
775439
2270:
1639705
1216073
239462
1000928
2291:
2079388
2389367
306508
2599732
2294:
33152
2225443
468685
1157338
2310:
1580251
2347593
1760979
1071160
2323:
2511469
2157779
1993563
1665912
2349:
2339785
875437
2611268
1293590
235:
761854
357482
2376301
1339727
2367:
858274
438716
1629227
2467175
2401:
1230368
267781
749696
1390896
2444:
1282701
1752763
677536
1830144
2450:
1662752
1282969
1027051
1625031
2489:
792157
1632247
860292
922151
2539:
1953525
2077527
2277198
962334
2554:
2196604
2233052
866230
1704267
2599:
1322011
2382782
850022
966879
2624:
272904
2117739
815448
1868319
2684:
360787
52600
1461367
654135
2693:
2502874
1637237
2697:
2404002
973814
1755262
2423858
276:
974566
40262
2766:
1919246
531787
2769:
331587
901710
1075576
1861095
2809:
1351577
1572923
416955
397169
2887:
127404
2289103
2219254
879909
3015:
2533260
1654986
2526706
819098
3171:
210458
1464655
319:
2525459
298010
199909
1197886
3208:
960869
1164265
2122227
562812
3219:
265392
371758
1887518
1622535
3288:
341468
2223240
2558409
514079
3325:
205093
1212659
2484678
2123042
3375:
2413317
396802
2432990
450423
3425:
1408610
2214612
1783298
537283
3566:
1743001
222993
3571:
467122
162760
250667
366164
3579:
1342719
1951023
1633276
7775
3609:
122507
2034013
626901
3614:
1444966
3615:
1387844
1340811
2429128
1072829
3624:
1600521
276589
1764497
1792243
3673:
953100
1455356
2169934
1916463
3742:
314116
772498
67824
675799
3813:
316972
2619718
3815:
2618445
1235645
137019
947243
3834:
1517221
1364201
2133089
1052756
3876:
1799200
1218747
1957215
2621647
3965:
2288702
652618
2171824
505141
3967:
500282
1787968
1021701
309284
4001:
1076954
939767
1607759
970497
4027:
680897
527634
1402912
2042240
4043:
2115225
2053150
897816
1029362
4047:
1758574
2496738
834899
533624
4103:
1984973
1210256
643877
1197588
4168:
722287
1497323
122596
1303228
4177:
2432694
1403751
2031115
1419805
4182:
1490759
2029072
4219:
171870
872845
464095
2541669
4238:
1567908
2352674
930906
818338
4266:
2010581
1442512
1237443
800475
4354:
188695
1711660
2470945
1148996
4484:
2247045
152090
2628205
658648
4515:
1338824
499862
853778
934693
4703:
1432233
1190302
471:
125952
631242
444111
377803
4724:
2542255
4930:
2025463
710502
412383
1263320
4941:
1311952
1404837
1610910
1493435
4990:
1456551
2325235
2576043
1308492
5:
2118727
755078
1794541
1496861
5042:
1147533
917857
336789
1552904
5068:
1633634
1487743
2319703
836520
5078:
650202
1213324
657927
2243551
5097:
1863411
209968
166897
2207407
5106:
860700
2466340
1387908
1075369
5111:
1592705
2021914
684000
142441
5146:
2130429
2055644
1219057
2249808
5205:
85701
2579306
2358715
1321882
5225:
2476288
620813
2157897
314070
5237:
645719
988917
2628157
2504559
5258:
1009658
2581263
1082866
1956441
5314:
444795
1862117
1305098
2371329
5333:
1734230
627172
2351784
2021144
5334:
2238060
2016353
1840443
1341496
5432:
1520478
241068
788498
2344045
5474:
706282
711178
1392048
74320
5521:
1808924
2638049
1001353
1941691
5524:
591184
2484391
1406452
2540225
560:
922324
1102968
890745
2500061
5673:
1985664
2104949
5687:
41867
1930881
478149
2009618
5691:
215401
621811
1012146
5732:
2151209
2053612
1479092
1345123
5745:
2142915
936816
330170
401449
5821:
2214406
1336998
613515
1725567
5845:
266185
394897
497052
762808
5943:
2320820
1196479
1693145
1616210
5982:
857033
140493
1251030
1363781
5992:
2413448
2574349
2367553
1386537
6045:
1325127
1400820
85747
2641871
6082:
986461
530533
2529909
6089:
1353665
6143:
97574
2201756
679304
6150:
653975
2604352
858636
2031057
6200:
2092178
265048
647318
2062136
6219:
2485958
1821956
1281037
738166
6265:
381358
6276:
536090
1029417
2044842
6296:
2582008
610261
606223
2570720
6364:
2383020
1449253
1058910
1768281
6405:
2647555
992330
161373
1437766
6412:
1018567
2184775
1657108
6442:
51741
2023333
1813802
1762235
645:
1328118
755471
2614383
1729535
6464:
1833060
1530237
1537054
487928
6483:
2040912
46289
169319
1983646
6515:
263910
454540
2326426
1005202
6526:
307658
732341
582440
2453263
6580:
2433461
174078
1846827
1503895
6600:
1117207
2649093
1889407
1690083
6618:
1066608
2511092
1456380
63380
6648:
244062
1631930
1656421
2357399
6769:
520593
165856
1128615
116040
6871:
2015715
1866341
1362809
1849260
6884:
1128409
6904:
718101
816390
1190871
1972025
6923:
401838
145599
598831
889943
6924:
1734521
1634435
2397204
2332009
6931:
923860
1878180
2395757
387314
6961:
1465825
1619923
523144
2612173
6975:
1793492
2166820
1981653
6985:
2349173
2221307
671555
108032
7014:
51618
438960
705501
1791223
7082:
51037
1726265
2481500
2630658
7119:
207972
530195
2489246
2187803
7121:
1089746
1941382
1854240
1641875
7134:
401215
233730
2510436
1179227
7168:
1059385
1525309
1372581
1900217
719:
1405566
1464523
656723
239518
7233:
2407368
1384220
1893
1321978
7239:
1851007
1428529
575102
1712610
7298:
1989679
1062852
247521
2317514
7330:
961144
1527866
951816
911703
7357:
192172
1190391
1000527
2427501
7433:
2356937
2399911
771081
2135015
7455:
871081
17573
453863
1090734
746:
360472
179810
950068
1728036
7554:
952766
2023325
147656
1161016
7574:
1413031
369630
158590
1315691
7603:
456813
2634381
7608:
1708203
2438535
1609700
1553376
7621:
2153410
187818
1584892
1068820
7705:
332720
1874
358462
370436
7716:
735329
788729
2230245
765476
7735:
1796497
2369671
1236175
1539150
7758:
926742
84566
7762:
1850071
2087448
1478749
2625623
7851:
2122080
1962698
2089595
837161
7852:
453191
1573786
1735834
2642315
788:
1605609
1770480
1228374
504796
7978:
1313404
135992
1348177
2598852
7979:
2519214
1306673
973646
1070261
8034:
2577522
63634
2155036
1248885
8039:
1311587
459468
1741463
1564904
8052:
2542474
27594
497356
2105657
8073:
1829226
2263947
1467665
1519142
8091:
2071776
1788667
817043
1142375
8248:
677085
745822
1168051
8266:
1510655
267781
1086652
1521285
8268:
537070
589533
1475201
2213764
8309:
1086152
8323:
40330
968600
1023272
2139575
8394:
1243711
1664851
8521:
1444602
2648502
1679966
1038300
8537:
251817
404782
1234620
76766
8592:
1979162
8612:
2097642
2347551
972186
1004749
8654:
2336812
934230
921540
2190677
8738:
86419
222932
1057567
1770596
874:
1402509
1245816
953816
1384080
8768:
194007
2179321
2082693
2115308
8778:
1745887
1326942
394925
623818
8830:
1436799
384894
2056455
260594
8853:
2378794
2168667
1278577
2332390
8922:
1270288
1889242
501940
2299681
8996:
70257
9039:
1179266
1271750
2422806
1186135
919:
2109133
119212
2192892
1727179
9194:
1986020
1460115
724592
9226:
142
143310
296231
1244918
9281:
1970242
314156
1845769
450020
9288:
654528
2106758
2194337
2019349
9294:
2571331
410942
1937603
1860304
9309:
1111689
950039
372222
2281857
9310:
2527873
2597911
1049975
1782779
9343:
2447112
238913
755697
1134119
9412:
124121
465558
2179021
1508680
9440:
86739
856915
2524817
2233791
9444:
1931809
2446645
1545328
65403
9527:
1840368
917019
1470872
1599689
9585:
141936
1311189
886478
9588:
560960
2572140
44600
393541
9663:
2415530
1700006
1570945
505860
9770:
685216
219652
9847:
2273518
63965
1704122
1691400
9875:
1969635
1678711
1008786
293880
9892:
2238939
131766
1537160
407014
994:
1049336
1524394
2164563
2138729
9947:
1237906
1786694
1962503
2148104
9963:
1204018
652356
663882
1122399
9995:
1541262
1232910
1473556
1507400
